Poor Things
2024-03-01
1111111111
1111111111
1111111111
1111111111
2024-03-02
1111111111
1111111111
1111111111
1111111111
2024-03-03
1111111111
1111111111
1111111111
1111111111

Co Co
2024-03-01
1111111111
1111111111
1111111111
1111111111
2024-03-02
1111111111
1111111111
1111111111
1111111111
2024-03-03
1111111111
1111111111
1111111111
1111111111

Harry Potter
2024-03-01
1111111111
1111111111
1111111111
1111111111
2024-03-02
1111111111
1111111111
0000001111
1111111111
2024-03-03
1111111111
1111111111
1111111111
1111111111

